Series ID	Annual 2006	Annual 2007	Annual 2008	Annual 2009	Annual 2010	Annual 2011	Annual 2012	Annual 2013	Annual 2014	Annual 2015	Annual 2016	Annual 2017
CXUAPPARELLB0502M	950	971	922	975	804	1021	865	861	802	957	1019	1007
CXUAPPARELLB0504M	1877	1848	1710	1566	1704	1634	1690	1522	1754	1596	1630	1821
CXUAPPARELLB0505M	2319	2330	2376	2046	2089	2016	2083	1974	2285	2230	2122	1941
CXUAPPARELLB0506M	2710	2859	2494	2571	2515	2404	2631	2486	2691	3390	2843	2788
CXUAPPARELLB0507M	2796	2719	2847	2767	2588	2842	2702	2362	2847	2766	2905	2956
CXUAPPARELLB1101M	1874	1881	1801	1725	1700	1740	1736	1604	1786	1846	1803	1833
CXUAPPARELLB1104M	1737	1692	1772	1786	1506	1615	1662	1453	1592	1656	1711	1675
CXUBOYSLB0502M	10	14	10	9	11	14	13	14	10	11	13	13
CXUBOYSLB0504M	34	27	33	32	29	27	31	22	39	35	50	39
CXUBOYSLB0505M	109	102	102	93	90	102	88	76	122	142	104	115
CXUBOYSLB0506M	230	220	211	200	193	194	242	193	262	221	250	261
CXUBOYSLB0507M	305	280	258	243	250	250	292	230	371	280	380	345
CXUBOYSLB1101M	91	84	83	79	78	80	88	70	104	91	104	100
CXUBOYSLB1104M	102	79	89	78	66	69	85	68	90	92	101	85
CXUFOOTWEARLB0502M	146	158	159	177	151	161	145	138	151	159	222	197
CXUFOOTWEARLB0504M	290	292	282	285	273	301	326	258	364	286	348	341
CXUFOOTWEARLB0505M	394	413	413	357	337	361	438	424	434	424	491	391
CXUFOOTWEARLB0506M	443	548	481	463	449	503	535	513	552	683	528	612
CXUFOOTWEARLB0507M	490	529	502	624	584	545	617	527	666	630	679	735
CXUFOOTWEARLB1101M	304	327	314	323	303	321	347	307	367	354	388	379
CXUFOOTWEARLB1104M	279	297	336	349	295	308	351	267	349	351	363	352
CXUGIRLSLB0502M	12	18	19	18	14	32	14	17	13	8	19	16
CXUGIRLSLB0504M	55	53	57	49	40	55	64	52	49	44	43	42
CXUGIRLSLB0505M	171	169	144	154	127	123	144	129	153	115	108	142
CXUGIRLSLB0506M	308	322	250	276	244	289	274	284	261	258	245	299
CXUGIRLSLB0507M	346	319	426	356	312	331	332	323	288	355	279	379
CXUGIRLSLB1101M	122	122	121	118	101	117	116	109	105	101	94	114
CXUGIRLSLB1104M	125	124	119	129	103	107	120	105	112	86	88	119
CXUINFANTLB0502M	21	20	16	22	17	15	8	16	10	17	10	13
CXUINFANTLB0504M	56	49	45	50	49	31	28	30	41	40	30	40
CXUINFANTLB0505M	148	171	184	158	175	124	119	141	140	145	137	129
CXUINFANTLB0506M	182	174	180	181	173	127	137	155	152	201	126	182
CXUINFANTLB0507M	252	240	219	204	202	181	159	192	194	180	169	178
CXUINFANTLB1101M	96	93	93	91	91	68	63	75	76	83	66	77
CXUINFANTLB1104M	88	86	81	86	89	71	67	69	66	86	70	80
CXUMENBOYSLB0502M	212	267	199	234	185	250	212	207	182	204	208	235
CXUMENBOYSLB0504M	420	397	389	341	368	346	368	334	413	360	374	415
CXUMENBOYSLB0505M	556	510	579	449	465	458	454	423	508	568	437	515
CXUMENBOYSLB0506M	683	631	608	572	569	530	629	664	677	663	742	751
CXUMENBOYSLB0507M	712	692	739	589	613	776	750	554	781	757	858	659
CXUMENBOYSLB1101M	444	435	427	383	382	404	408	374	430	422	427	442
CXUMENBOYSLB1104M	429	425	427	371	308	392	369	347	356	373	393	394
CXUMENSLB0502M	202	253	188	225	174	235	198	193	172	193	195	222
CXUMENSLB0504M	387	370	356	309	339	319	337	311	374	325	324	376
CXUMENSLB0505M	447	409	477	355	375	356	366	347	386	426	333	401
CXUMENSLB0506M	453	411	397	373	377	337	387	471	415	442	492	490
CXUMENSLB0507M	407	412	481	346	363	526	458	324	410	477	478	314
CXUMENSLB1101M	353	351	344	304	304	324	320	304	326	331	323	342
CXUMENSLB1104M	327	346	338	294	242	324	283	280	265	282	293	309
CXUOTHAPPRLLB0502M	210	175	164	168	148	137	164	141	136	172	173	173
CXUOTHAPPRLLB0504M	327	310	275	252	375	261	247	251	271	253	256	309
CXUOTHAPPRLLB0505M	285	312	282	243	253	260	256	241	396	241	237	197
CXUOTHAPPRLLB0506M	293	398	311	327	276	277	301	245	370	734	463	250
CXUOTHAPPRLLB0507M	310	243	267	380	216	254	229	197	205	261	270	261
CXUOTHAPPRLLB1101M	280	276	248	249	261	226	230	211	256	291	257	241
CXUOTHAPPRLLB1104M	250	246	214	252	193	195	212	177	205	232	259	228
CXUWMNSGRLSLB0502M	360	352	384	374	302	459	336	358	323	405	406	388
CXUWMNSGRLSLB0504M	784	801	718	637	639	695	721	649	666	656	622	716
CXUWMNSGRLSLB0505M	936	924	917	839	859	814	817	745	807	853	819	708
CXUWMNSGRLSLB0506M	1108	1109	913	1027	1048	967	1030	909	940	1109	983	992
CXUWMNSGRLSLB0507M	1032	1014	1121	971	974	1086	947	891	1001	937	929	1123
CXUWMNSGRLSLB1101M	751	749	718	678	663	721	688	636	656	697	665	694
CXUWMNSGRLSLB1104M	690	638	714	727	620	648	664	592	616	614	627	621
CXUWOMENSLB0502M	348	334	366	356	288	427	322	342	310	396	388	372
CXUWOMENSLB0504M	729	747	660	588	599	641	657	597	616	612	579	674
CXUWOMENSLB0505M	764	755	774	684	732	691	673	616	654	738	711	567
CXUWOMENSLB0506M	801	786	663	752	804	677	756	625	679	850	739	693
CXUWOMENSLB0507M	686	695	695	614	662	756	615	568	712	582	650	744
CXUWOMENSLB1101M	629	627	597	561	562	604	573	527	551	596	571	580
CXUWOMENSLB1104M	565	515	595	599	517	541	544	487	504	528	539	502